'Customers Reservation price
87;78;78;78;55;76;109;136;62;78;89;107;91;76;61;115;117;105;125;68
'Customers Initial Purchase Price
35;64;59;35;44;45;45;79;44;38;51;66;62;39;34;75;69;44;62;51
'Customers Purchase Price Step
5
'Producers Production Cost
39;119;51;64;145;249;87;45;42;76;154;129;164;201;98;150;103;85;55;169
'Producers First Ask Price
68;214;93;88;217;374;129;53;116;119;243;211;300;248;155;215;236;164;109;229
'Producers Ask Price Step
5
'Items Combination
0;0;0;0;0;0;0;0;0;0;0;0;0;1;0;0;0;0;0;0
0;0;1;0;0;0;0;0;0;0;1;0;0;0;0;0;0;0;0;0
0;0;0;0;0;0;0;0;0;0;0;1;0;0;0;0;0;0;0;0
0;0;0;0;0;0;1;0;0;0;0;0;0;0;0;0;0;0;0;0
0;0;0;0;0;0;1;0;0;0;0;0;0;0;0;1;0;0;0;0
0;0;0;0;0;0;0;0;1;1;0;0;0;0;0;1;0;0;1;0
1;0;0;0;0;1;0;0;0;0;0;0;0;0;0;0;0;0;0;0
0;0;0;0;0;0;0;0;0;0;0;0;0;0;1;0;0;0;0;0
0;0;0;0;0;0;0;0;0;0;0;0;0;0;0;1;0;0;0;0
0;0;0;0;1;0;0;0;0;0;0;0;0;1;0;0;0;0;0;0
1;1;0;0;0;0;0;0;0;0;0;0;0;0;0;0;0;0;0;1
0;0;0;1;0;0;0;0;1;0;0;0;1;0;0;0;0;0;0;0
0;0;0;0;0;0;1;1;0;0;0;0;0;0;0;0;1;0;0;0
0;0;0;0;0;0;0;0;0;0;0;0;0;0;0;1;1;0;0;0
0;0;0;0;0;0;0;1;0;0;0;0;0;0;0;0;0;0;0;0
0;1;0;0;0;0;0;0;0;0;0;0;0;0;0;0;0;0;1;0
0;0;0;0;0;0;0;0;0;0;1;1;0;0;0;0;0;1;0;0
0;1;0;0;0;0;0;0;0;0;0;0;0;0;1;0;0;0;0;0
0;0;0;0;0;0;0;0;0;0;0;0;0;0;0;0;0;0;1;0
0;0;0;0;0;0;0;1;0;0;0;0;0;1;0;0;0;1;0;0
